NaN, NaN
NaN, NaN
0.8320754716981127, 0.05073630924988493
0.8320754716981127, 0.05073630924988493
0.8320754716981127, 0.05073630924988493
0.8320754716981127, 0.05073630924988493
0.8320754716981127, 0.05073630924988493
0.8320754716981127, 0.05073630924988493
0.8320754716981127, 0.05073630924988493
0.8018181818181813, 0.04889135254988912
0.8018181818181813, 0.04889135254988912
0.8018181818181813, 0.04889135254988912
0.8018181818181813, 0.04889135254988912
0.8018181818181813, 0.04889135254988912
0.8018181818181813, 0.04889135254988912
0.8018181818181813, 0.04889135254988912
0.8018181818181813, 0.04889135254988912
0.8018181818181813, 0.04889135254988912
0.7758620689655167, 0.06852997717169287
0.7758620689655167, 0.06852997717169287
0.7549999999999994, 0.0724956445993031
0.7549999999999994, 0.0724956445993031
0.7549999999999994, 0.0724956445993031
0.7549999999999994, 0.0724956445993031
0.7435483870967736, 0.07937366528043158
0.7435483870967736, 0.07937366528043158
0.7435483870967736, 0.07937366528043158
0.7333333333333328, 0.08128836900613902
0.7333333333333328, 0.08128836900613902
0.7333333333333328, 0.08128836900613902
0.7333333333333328, 0.08128836900613902
0.7333333333333328, 0.08128836900613902
0.7343749999999994, 0.08080440176243067
0.7343749999999994, 0.08080440176243067
0.7343749999999994, 0.08080440176243067
0.7246153846153841, 0.0805227955814702
0.7089552238805966, 0.09304450317605317
0.7089552238805966, 0.09304450317605317
0.7089552238805966, 0.09304450317605317
0.7089552238805966, 0.09304450317605317
0.6999999999999996, 0.09461737812934652
0.6999999999999996, 0.09461737812934652
0.6999999999999996, 0.09461737812934652
0.6830985915492953, 0.1087281126550683
0.6830985915492953, 0.1087281126550683
0.6907894736842098, 0.16005447951255652
0.7084337349397584, 0.23089325834884694
0.6956989247311821, 0.234902780911532
0.6893617021276588, 0.23302959738493872
0.6479999999999992, 0.2190478215418424
0.6479999999999992, 0.2190478215418424
0.6479999999999992, 0.2190478215418424
0.6435643564356429, 0.22182952627905186
0.6451923076923071, 0.22805078994407924
0.6451923076923071, 0.22805078994407924
0.6297297297297295, 0.24169723662428233
0.6297297297297295, 0.24169723662428233
0.6241071428571426, 0.2395392255829941
0.6241071428571426, 0.2395392255829941
0.6149122807017541, 0.23784304869306688
0.6149122807017541, 0.23784304869306688
0.6149122807017541, 0.23784304869306688
0.6149122807017541, 0.23784304869306688
0.6149122807017541, 0.23784304869306688
0.6149122807017541, 0.23784304869306688
0.6149122807017541, 0.23784304869306688
0.6149122807017541, 0.23784304869306688
0.6149122807017541, 0.23784304869306688
0.6149122807017541, 0.23784304869306688
0.6149122807017541, 0.23784304869306688
0.6149122807017541, 0.23784304869306688
0.6149122807017541, 0.23784304869306688
0.6149122807017541, 0.23784304869306688
0.6149122807017541, 0.23784304869306688
0.6149122807017541, 0.23784304869306688
0.6149122807017541, 0.23784304869306688
0.6149122807017541, 0.23784304869306688
0.6149122807017541, 0.23784304869306688
0.604273504273504, 0.23640651364499293
0.604273504273504, 0.23640651364499293
0.5909090909090907, 0.23961070603138435
0.5821138211382111, 0.2377471173154269
0.5730158730158729, 0.23684837642696432
0.5746268656716412, 0.2585290703716232
0.5746268656716412, 0.2585290703716232
0.5746268656716412, 0.2585290703716232
0.5746268656716412, 0.2585290703716232
0.5746268656716412, 0.2585290703716232
0.5746268656716412, 0.2585290703716232
0.5746268656716412, 0.2585290703716232
0.5746268656716412, 0.2585290703716232
0.5690647482014384, 0.26296393049560013
0.5690647482014384, 0.26296393049560013
0.5559440559440554, 0.2602703007381474
0.5559440559440554, 0.2602703007381474
0.554166666666666, 0.2654073125385769
0.5499999999999994, 0.2644059478778799
0.5469387755102034, 0.26487484165648845
0.5430463576158936, 0.2729954702597224
0.5430463576158936, 0.2729954702597224
0.5430463576158936, 0.2729954702597224
0.5430463576158936, 0.2729954702597224
0.5430463576158936, 0.2729954702597224
0.5430463576158936, 0.2729954702597224
0.5341935483870964, 0.2667444705309355
0.522699386503067, 0.2641698076477345
0.5159763313609462, 0.2666253174353888
0.5159763313609462, 0.2666253174353888
0.514117647058823, 0.2689785018426316
0.5111111111111106, 0.26740552814764545
0.5111111111111106, 0.26740552814764545
0.5111111111111106, 0.26740552814764545
0.5111111111111106, 0.26740552814764545
0.508522727272727, 0.2672661665525419
0.508522727272727, 0.2672661665525419
0.505649717514124, 0.2657561882104371
0.505649717514124, 0.2657561882104371
0.5044943820224715, 0.26847665906318746
0.5025925925925923, 0.2710491406291521
0.5025925925925923, 0.2710491406291521
0.5025925925925923, 0.2710491406291521
0.5025925925925923, 0.2710491406291521
0.5003683241252298, 0.27139325219105365
0.5003683241252298, 0.27139325219105365
0.5003683241252298, 0.27139325219105365
0.5025225225225219, 0.2799397043959317
0.5025225225225219, 0.2799397043959317
0.5025225225225219, 0.2799397043959317
0.5003527336860666, 0.28459706514945693
0.5003527336860666, 0.28459706514945693
0.4936426116838484, 0.28609861354398497
0.48433333333333295, 0.2830156551376655
0.48456486042692903, 0.2880696109730695
0.47983739837398337, 0.2852591757440639
0.47983739837398337, 0.2852591757440639
0.48086419753086385, 0.2834635695719125
0.48086419753086385, 0.2834635695719125
0.48086419753086385, 0.2834635695719125
0.48086419753086385, 0.2834635695719125
0.48086419753086385, 0.2834635695719125
0.48086419753086385, 0.2834635695719125
0.4782672540381788, 0.2812301415799305
0.4782672540381788, 0.2812301415799305
0.4761695906432745, 0.27999667604668516
0.4760283687943259, 0.28725918640557824
0.4760283687943259, 0.28725918640557824
0.47538677918424727, 0.2890544675329573
0.47538677918424727, 0.2890544675329573
0.47719298245614006, 0.30742704548130484
0.47169312169312144, 0.30699623675576887
0.47169312169312144, 0.30699623675576887
0.47169312169312144, 0.30699623675576887
0.47169312169312144, 0.30699623675576887
0.47169312169312144, 0.30699623675576887
0.4706192358366269, 0.30841785900838115
0.4691601049868764, 0.3085159514269833
0.4678385416666664, 0.31196504555646
0.4643500643500641, 0.310496552965287
0.4643500643500641, 0.310496552965287
0.4643500643500641, 0.310496552965287
0.4643500643500641, 0.310496552965287
0.4643500643500641, 0.310496552965287
0.4624681933842236, 0.3112351420534707
0.4624681933842236, 0.3112351420534707
0.4616729088639198, 0.31145689825241174
0.4616729088639198, 0.31145689825241174
0.4616729088639198, 0.31145689825241174
0.4623774509803919, 0.3241139405639483
0.4623774509803919, 0.3241139405639483
0.4623774509803919, 0.3241139405639483
0.46141636141636116, 0.3253687124544345
0.4604622871046226, 0.3249111624089803
0.4604622871046226, 0.3249111624089803
0.4604622871046226, 0.3249111624089803
0.4604622871046226, 0.3249111624089803
0.4541666666666665, 0.32152020892878796
0.452532391048292, 0.321645436395974
0.452532391048292, 0.321645436395974
0.45129107981220645, 0.3208649947185233
0.45129107981220645, 0.3208649947185233
0.4505827505827505, 0.32474006468552663
0.4507549361207897, 0.32535072648104746
0.45381114903299186, 0.32551419283297134
0.45381114903299186, 0.32551419283297134
0.45381114903299186, 0.32551419283297134
0.4480490523968783, 0.3212117898552751
0.4480490523968783, 0.3212117898552751
0.44657836644591603, 0.3183934608169776
0.4873179091688093, 0.2576007121300232
0.4851190476190479, 0.258690502598416
0.4851190476190479, 0.258690502598416
0.4846869712351949, 0.2583002877721204
0.4846869712351949, 0.2583002877721204
0.4825356842989087, 0.2577223373492947
0.4808580858085812, 0.26068259388037124
0.4820261437908499, 0.26466282988808004
0.4785077047850773, 0.2627309844144444
0.4785077047850773, 0.2627309844144444
0.4785077047850773, 0.2627309844144444
0.4785077047850773, 0.2627309844144444
0.4785077047850773, 0.2627309844144444
0.4785077047850773, 0.2627309844144444
0.4785077047850773, 0.2627309844144444
0.47730158730158767, 0.25920513220135527
0.5188530465949821, 0.2503692711400537
0.5188530465949821, 0.2503692711400537
0.5188530465949821, 0.2503692711400537
0.5179542203147354, 0.2501002383693669
0.5179542203147354, 0.2501002383693669
0.5170592433975731, 0.24999295734502136
0.5170592433975731, 0.24999295734502136
0.5152807391613362, 0.24931456132610483
0.5102026554856742, 0.2456900508636125
0.509344490934449, 0.24543756121745433
0.509344490934449, 0.24543756121745433
0.5082811412665273, 0.24492516547378532
0.5082811412665273, 0.24492516547378532
0.5082811412665273, 0.24492516547378532
0.5076388888888888, 0.24493573804571495
0.5076388888888888, 0.24493573804571495
0.5076388888888888, 0.24493573804571495
0.5076388888888888, 0.24493573804571495
0.5076388888888888, 0.24493573804571495
0.5065835065835065, 0.24442651613709598
0.5085733882030176, 0.24551266309041797
0.5085733882030176, 0.24551266309041797
0.5085733882030176, 0.24551266309041797
0.5085733882030176, 0.24551266309041797
0.5063973063973063, 0.24325839244836997
0.5063973063973063, 0.24325839244836997
0.5045606975184439, 0.24244715813938927
0.503036303630363, 0.23963318042335643
0.5027009222661396, 0.24064181050157116
0.5011154855643044, 0.24048180337361222
0.5007175472928898, 0.241896674282269
0.5007175472928898, 0.241896674282269
0.4999350227420402, 0.24290292506479425
0.49857605177993525, 0.24254213700629018
0.49857605177993525, 0.24254213700629018
0.49857605177993525, 0.24254213700629018
0.49857605177993525, 0.24254213700629018
0.49857605177993525, 0.24254213700629018
0.49857605177993525, 0.24254213700629018
0.497609819121447, 0.2420720941051152
0.4964607464607464, 0.24173145340913468
0.4964607464607464, 0.24173145340913468
0.4955214331413947, 0.24353850198195479
0.49363867684478363, 0.24405259452785966
0.4927398989898988, 0.24693855972083031
0.4927398989898988, 0.24693855972083031
0.49237555135475725, 0.24760597265141476
0.48888888888888865, 0.24669205904980976
0.4870646766169152, 0.2457715662921612
0.4870887647423958, 0.24664403211710265
0.4870887647423958, 0.24664403211710265
0.48655514250309767, 0.2474247433337375
0.480891330891331, 0.245131473701142
0.47675120772946894, 0.24367473062951125
0.47675120772946894, 0.24367473062951125
0.47675120772946894, 0.24367473062951125
0.47675120772946894, 0.24367473062951125
0.47675120772946894, 0.24367473062951125
0.47675120772946894, 0.24367473062951125
0.47675120772946894, 0.24367473062951125
0.47675120772946894, 0.24367473062951125
0.47675120772946894, 0.24367473062951125
0.47675120772946894, 0.24367473062951125
0.47565947242206263, 0.24484433688397522
0.47565947242206263, 0.24484433688397522
0.47418008348240925, 0.2456770148613421
0.4732026143790851, 0.24581975022980176
0.4732026143790851, 0.24581975022980176
0.4728944246737843, 0.2462720282543039
0.4728944246737843, 0.2462720282543039
0.4728944246737843, 0.2462720282543039
0.47205447010065144, 0.24583460014017547
0.47205447010065144, 0.24583460014017547
0.47205447010065144, 0.24583460014017547
0.47205447010065144, 0.24583460014017547
0.47205447010065144, 0.24583460014017547
0.47205447010065144, 0.24583460014017547
0.47205447010065144, 0.24583460014017547
0.47205447010065144, 0.24583460014017547
0.47205447010065144, 0.24583460014017547
0.47205447010065144, 0.24583460014017547
0.47205447010065144, 0.24583460014017547
0.47205447010065144, 0.24583460014017547
0.4705604719764014, 0.24521723366686005
0.4705604719764014, 0.24521723366686005
0.4705604719764014, 0.24521723366686005
0.46860328638497684, 0.2448023539115773
0.46860328638497684, 0.2448023539115773
0.46742424242424285, 0.2447042201833091
0.46742424242424285, 0.2447042201833091
0.46707246376811623, 0.24387153581528517
0.46707246376811623, 0.24387153581528517
0.46707246376811623, 0.24387153581528517
0.46384571099597033, 0.24218675836578407
0.46384571099597033, 0.24218675836578407
0.46384571099597033, 0.24218675836578407
0.46384571099597033, 0.24218675836578407
0.46384571099597033, 0.24218675836578407
0.46384571099597033, 0.24218675836578407
0.46384571099597033, 0.24218675836578407
0.46293746414228365, 0.24141623122460476
0.46293746414228365, 0.24141623122460476
0.46293746414228365, 0.24141623122460476
0.46293746414228365, 0.24141623122460476
0.46293746414228365, 0.24141623122460476
0.46293746414228365, 0.24141623122460476
0.46293746414228365, 0.24141623122460476
0.4623138602520049, 0.24107015522593706
0.4623138602520049, 0.24107015522593706
0.4600113765642779, 0.2403726721792678
0.4600113765642779, 0.2403726721792678
0.4600113765642779, 0.2403726721792678
0.4600113765642779, 0.2403726721792678
0.4595684270300968, 0.2401113158752812
0.4586870401810981, 0.23967328461971527
0.4572072072072074, 0.23870713423064477
0.4572072072072074, 0.23870713423064477
0.4572072072072074, 0.23870713423064477
0.4545505304299276, 0.23724087987055867
0.4708467309753486, 0.2415318412905525
0.4708467309753486, 0.2415318412905525
0.4705724986623866, 0.24274928616809577
0.4702817650186075, 0.24300819555989955
0.46920232435287945, 0.24305251761657212
0.46845991561181477, 0.2426679408481915
0.46845991561181477, 0.2426679408481915
0.4630321910695748, 0.23966688257952806
0.46254507985574494, 0.23817141861951505
0.4610515569167946, 0.23616200760139264
0.706072766185126, 0.14239186893780695
0.706072766185126, 0.14239186893780695
0.706072766185126, 0.14239186893780695
0.706072766185126, 0.14239186893780695
0.706072766185126, 0.14239186893780695
0.706072766185126, 0.14239186893780695
0.706072766185126, 0.14239186893780695
0.706072766185126, 0.14239186893780695
0.7048572191086206, 0.14212733618098947
0.7048572191086206, 0.14212733618098947
0.7048572191086206, 0.14212733618098947
0.7048572191086206, 0.14212733618098947
0.7048572191086206, 0.14212733618098947
0.7048572191086206, 0.14212733618098947
0.7038902211564086, 0.1422198584253044
0.7038902211564086, 0.1422198584253044
0.7038902211564086, 0.1422198584253044
0.702113048071844, 0.14533838580828512
0.6991850683491067, 0.14491354591749933
0.6991850683491067, 0.14491354591749933
0.6991850683491067, 0.14491354591749933
0.6991850683491067, 0.14491354591749933
0.6986340950879962, 0.14479935084585435
0.6980839895013128, 0.14468533560896785
0.6980839895013128, 0.14468533560896785
0.6798339264531444, 0.13342240877686692
0.6788675669272692, 0.13323275361158354
0.6772265532719121, 0.13301254893956074
0.6772265532719121, 0.13301254893956074
0.6772265532719121, 0.13301254893956074
0.6711251167133534, 0.1317505062655203
0.6700186219739306, 0.1318092416608059
0.6700186219739306, 0.1318092416608059
0.6700186219739306, 0.1318092416608059
0.6696208420562936, 0.13180448992203353
0.6696208420562936, 0.13180448992203353
0.6696208420562936, 0.13180448992203353
0.6696208420562936, 0.13180448992203353
0.6691538819153896, 0.131712576051795
0.6688966318234625, 0.1323176543960098
0.6688966318234625, 0.1323176543960098
0.6688966318234625, 0.1323176543960098
0.6688966318234625, 0.1323176543960098
0.6688966318234625, 0.1323176543960098
0.6688966318234625, 0.1323176543960098
0.6688966318234625, 0.1323176543960098
0.6688966318234625, 0.1323176543960098
0.6688966318234625, 0.1323176543960098
0.6688966318234625, 0.1323176543960098
0.6688966318234625, 0.1323176543960098
0.6685701021355631, 0.13268976373603114
0.6685701021355631, 0.13268976373603114
0.6685701021355631, 0.13268976373603114
0.6681744374855036, 0.13282939043721229
0.6664817383263998, 0.13326043574479077
0.6653988012909187, 0.134159669209766
0.6617560534057494, 0.13202332204713835
0.6617560534057494, 0.13202332204713835
0.6617560534057494, 0.13202332204713835
0.6617560534057494, 0.13202332204713835
0.6617560534057494, 0.13202332204713835
0.6617560534057494, 0.13202332204713835
0.6617560534057494, 0.13202332204713835
0.6617560534057494, 0.13202332204713835
0.6617560534057494, 0.13202332204713835
0.6600417230491671, 0.13200725102286767
0.6591497747747763, 0.13182886284580975
0.6591497747747763, 0.13182886284580975
0.6573730907457338, 0.13147352898369166
0.6573730907457338, 0.13147352898369166
0.6571324354657703, 0.13150383003369276
0.6560091845878151, 0.13149071747314095
0.6560091845878151, 0.13149071747314095
0.6549877122430756, 0.13175258328867318
0.6549877122430756, 0.13175258328867318
0.6549877122430756, 0.13175258328867318
0.6549877122430756, 0.13175258328867318
0.6549877122430756, 0.13175258328867318
0.6549877122430756, 0.13175258328867318
0.6546159857110977, 0.13177596847512862
0.6546159857110977, 0.13177596847512862
0.6546159857110977, 0.13177596847512862
0.6543451584114249, 0.1321339943775326
0.6543451584114249, 0.1321339943775326
0.6543451584114249, 0.1321339943775326
0.6537377450980407, 0.1323393156226352
0.6530651980418352, 0.13234468854752304
0.6530651980418352, 0.13234468854752304
0.6530651980418352, 0.13234468854752304
0.6402289496527797, 0.1291687701941106
0.6402289496527797, 0.1291687701941106
0.6402289496527797, 0.1291687701941106
0.6398774669269158, 0.12919316700378694
0.6398774669269158, 0.12919316700378694
0.6398774669269158, 0.12919316700378694
0.6398774669269158, 0.12919316700378694
0.6393058262941324, 0.12945845636873765
0.6393058262941324, 0.12945845636873765
0.6393058262941324, 0.12945845636873765
0.6384511456982295, 0.13017935431354555
0.6384511456982295, 0.13017935431354555
0.6384511456982295, 0.13017935431354555
0.6384511456982295, 0.13017935431354555
0.6384511456982295, 0.13017935431354555
0.6384511456982295, 0.13017935431354555
0.6377939590075533, 0.13015062666513985
0.6377939590075533, 0.13015062666513985
0.6367517226528875, 0.130382892892533
0.6367517226528875, 0.130382892892533
0.6367517226528875, 0.130382892892533
0.6367517226528875, 0.130382892892533
0.6367517226528875, 0.130382892892533
0.6367517226528875, 0.130382892892533
0.6369862276737701, 0.130729105787158
0.6369862276737701, 0.130729105787158
0.6369862276737701, 0.130729105787158
0.6369862276737701, 0.130729105787158
0.6372570764681054, 0.1299673168315577
0.6372570764681054, 0.1299673168315577
0.6342948717948741, 0.1293346718767728
0.6342948717948741, 0.1293346718767728
0.6342948717948741, 0.1293346718767728
0.6342948717948741, 0.1293346718767728
0.6339582020583934, 0.12941070547987502
0.6334749318229518, 0.1297512835724114
0.6334749318229518, 0.1297512835724114
0.6334749318229518, 0.1297512835724114
0.6334749318229518, 0.1297512835724114
0.6334749318229518, 0.1297512835724114
0.6334749318229518, 0.1297512835724114
0.6318642827268949, 0.1295657031198446
0.6318642827268949, 0.1295657031198446
0.6318642827268949, 0.1295657031198446
0.6318642827268949, 0.1295657031198446
0.6318642827268949, 0.1295657031198446
0.6315342094284547, 0.13132732422175572
0.6306631272121616, 0.13160174730774452
0.629732959268498, 0.13163269444148593
0.629732959268498, 0.13163269444148593
0.629732959268498, 0.13163269444148593
0.6315644417719015, 0.12792955014079585
0.6315644417719015, 0.12792955014079585
0.6315644417719015, 0.12792955014079585
0.6204549808429175, 0.12353439620858614
0.6099729073243693, 0.12155883436886258
0.6242460108714757, 0.12137517093670178
0.6242460108714757, 0.12137517093670178
0.6242460108714757, 0.12137517093670178
0.6242460108714757, 0.12137517093670178
0.6242460108714757, 0.12137517093670178
0.6242460108714757, 0.12137517093670178
0.6243572927597109, 0.12180628089152228
0.6243572927597109, 0.12180628089152228
0.6243572927597109, 0.12180628089152228
0.6243572927597109, 0.12180628089152228
0.6228374153204842, 0.12164203442530915
0.6228374153204842, 0.12164203442530915
0.6228255208333381, 0.12196930419904596
0.6221658866354702, 0.12186113302080621
0.6221658866354702, 0.12186113302080621
0.6221658866354702, 0.12186113302080621
0.6221658866354702, 0.12186113302080621
0.6221658866354702, 0.12186113302080621
0.6221658866354702, 0.12186113302080621
0.6221658866354702, 0.12186113302080621
0.6221658866354702, 0.12186113302080621
0.6221658866354702, 0.12186113302080621
0.6219755970924243, 0.12175690236959788
0.6219564128256551, 0.11901830238101124
0.6634169884169958, 0.10921376719392233
0.6634169884169958, 0.10921376719392233
0.6634169884169958, 0.10921376719392233
0.6634169884169958, 0.10921376719392233
0.6634169884169958, 0.10921376719392233
0.6634169884169958, 0.10921376719392233
0.6634169884169958, 0.10921376719392233
0.6634169884169958, 0.10921376719392233
0.6634169884169958, 0.10921376719392233
0.6634169884169958, 0.10921376719392233
0.6634169884169958, 0.10921376719392233
0.6634169884169958, 0.10921376719392233
0.6622005988024026, 0.11042655745467621
0.6615196078431446, 0.11202143705414876
0.6615196078431446, 0.11202143705414876
0.6615196078431446, 0.11202143705414876
0.6615196078431446, 0.11202143705414876
0.6615196078431446, 0.11202143705414876
0.6615196078431446, 0.11202143705414876
0.6615196078431446, 0.11202143705414876
0.6615196078431446, 0.11202143705414876
0.6615196078431446, 0.11202143705414876
0.6564533164343123, 0.11109619116663542
0.6564533164343123, 0.11109619116663542
0.6461131840796074, 0.10940492723525094
0.6456607290803699, 0.10940634080929885
0.6456607290803699, 0.10940634080929885
0.6456607290803699, 0.10940634080929885
0.6456607290803699, 0.10940634080929885
0.6456607290803699, 0.10940634080929885
0.6454761904761959, 0.10940975311489481
0.6454761904761959, 0.10940975311489481
0.6452090231788133, 0.10936446762105587
